####     N = 2    ############################

Result:  [2.7182818284590446; 4.194528049465326;;]
Difference:   0.2871610208727384

####     N = 10   ############################

Result:   [2.7182818284590446; 4.194528049465326; 4.4530688500616655; 4.479644077965642; 4.4815753317760985; 4.481683894107394; 4.481688871027631; 4.481689063687742; 4.4816890701422905; 4.481689070332899;;]
Difference:   5.165645688975928e-12
