v1sol: [0.1440756507388808, 0.31751591689581365, 0.4652741763985385, 0.5973780724537586, 0.7217159543935279, 0.8392183260718697, 0.950610363980193, 1.056506095672096, 1.1574302612097855, 1.253835002241659, 1.3461127923378047, 1.4346065880859744, 1.5196178931756879, 1.6014132333702489, 1.6802294062051284, 1.7562777751181573, 1.8297478105555625, 1.900810031978612, 1.9696184690287766, 2.0363127336233866, 2.1010197748634147, 2.1638553735418453, 2.2249254214772423, 2.2843270219576386, 2.3421494406109833, 2.398474930543228, 2.4533794512517786, 2.5069332973686853, 2.559201650518058, 2.6102450653367946, 2.660119898893268]

g1sol: [1.4232759265450888e-8, 1.7813095230062363e-8, 1.14338508505056e-8, 0.08891675617554858, 0.18961675722991128, 0.2905240064676558, 0.3916090835280764, 0.49284812875031747, 0.5942215059798431, 0.695712969830163, 0.7973088019922324, 0.8989973687543475, 1.000768859055249, 1.102614876233927, 1.2045279990912248, 1.3065018229721523, 1.4085309018428929, 1.5106102872945677, 1.612735612504915, 1.7149031697818018, 1.8171094134767567, 1.919351397379666, 2.021626485100321, 2.1239320954582284, 2.2262660076014757, 2.328626256103533, 2.4310111530576175, 2.5334188934482396, 2.635848046764734, 2.7382973205148398, 2.840765315898158]

v0sol: [0.6468525875726232, 0.8202928529389288, 0.9680511140323954, 1.09676123028654, 1.210778247921044, 1.3131157043755284, 1.4067350097418323, 1.4964523869660356, 1.5830436785954536, 1.66670850433299, 1.7476470871735463, 1.8260341441747714, 1.9020272499213453, 1.9757707471536623, 2.047395694274908, 2.117021934810409, 2.1847593605473428, 2.2507088990396626, 2.3149635435466225, 2.3776091300508786, 2.438725073621548, 2.4983850443997717, 2.556657300849718, 2.613605231912405, 2.6692879123261823, 2.723760508325001, 2.7770746017850554, 2.8292784958851156, 2.8804175163867525, 2.930534193873106, 2.9796685026405783]

g0sol: [1.4232759265450888e-8, 1.7813095230062363e-8, 1.0649520963999198e-8, 1.3485946876066954e-8, 1.626812150642325e-8, 1.5344411525412575e-8, 0.06320792451083486, 0.17654437426984662, 0.28945198544918904, 0.4024687596009228, 0.5156911917481508, 0.6289353762085694, 0.7422646594674576, 0.8556678946008702, 0.9691283678604549, 1.0826477223094435, 1.19622051655314, 1.3098414815417905, 1.4235079924371257, 1.5372149345976407, 1.6509635811692172, 1.7647475451645616, 1.8785518767169036, 1.9923712165105367, 2.10620268526325, 2.22004252040289, 2.333887076294081, 2.4477351428270038, 2.5615837554871224, 2.6754226190294337, 2.7892653360871438]

v_0(1): 0.6468525875726232
g_0(1): 1.4232759265450888e-8
