[3.436159118837738, 2.5327316742327897, 1.7566836492998819, 1.0366108297895136, 0.3429013272237046, -0.3429013272237046, -1.0366108297895136, -1.7566836492998819, -2.5327316742327897, -3.436159118837738]
v_0(1): 0.6468525875726232
g_0(1): 1.4232759265450888e-8

u2 = [3.636159118837738, 2.7327316742327897, 1.9566836492998819, 1.2366108297895136, 0.5429013272237046, -0.5429013272237046, -1.2366108297895136, -1.9566836492998819, -2.7327316742327897, -3.636159118837738]
v_0(1): 0.2862144497468649
g_0(1): 1.4232759265450888e-8

u3 = [3.936159118837738, 3.0327316742327897, 2.2566836492998819, 1.5366108297895136, 0.8429013272237046, -0.8429013272237046, -1.5366108297895136, -2.2566836492998819, -3.0327316742327897, -3.936159118837738]
v_0(1): 0.7473639266845029
g_0(1): 1.4232759265450888e-8
